 There are 36 starting points.
 Finding the solution from each starting point...

 (0, 0)
  1  22   9  34   3  24
 10  33   2  23  16  31
 21   8  35  32  25   4
 36  11  26  17  30  15
  7  20  13  28   5  18
 12  27   6  19  14  29

 (0, 1)
 12   1  36  21  10   7
 27  20  11   8  33  22
  2  13  26  35   6   9
 19  28  17  32  23  34
 14   3  30  25  16   5
 29  18  15   4  31  24

 (0, 2)
 25  32   1  16  19  34
  2  17  26  33   8  15
 31  24   9  18  35  20
 10   3  36  27  14   7
 23  30   5  12  21  28
  4  11  22  29   6  13

 (0, 3)
 32  19  16   1  36  25
 15   8  33  26  17   2
 20  31  18   9  24  35
  7  14  27  34   3  10
 30  21  12   5  28  23
 13   6  29  22  11   4

 (0, 4)
  7  10  31  20   1  12
 32  19   8  11  30  21
  9   6  29  34  13   2
 18  33  16  27  22  25
  5  28  35  24   3  14
 36  17   4  15  26  23

 (0, 5)
 22   3  36   9  20   1
 35  30  21   2  27  10
  4  23  28  31   8  19
 29  34  15  24  11  26
 16   5  32  13  18   7
 33  14  17   6  25  12

 (1, 0)
 12  21   2  35  14  23
  1  36  13  22   3  28
 20  11  34  27  24  15
 33   8  25  16  29   4
 10  19   6  31  26  17
  7  32   9  18   5  30

 (1, 1)
 29  14  35   2  27  20
 12   1  28  21  34   3
 15  30  13  36  19  26
  8  11  22  31   4  33
 23  16   9   6  25  18
 10   7  24  17  32   5

 (1, 2)
  2  17  28  11   8  19
 29  12   1  18  27  10
 16   3  30   9  20   7
 13  34  15  24  31  26
  4  23  36  33   6  21
 35  14   5  22  25  32

 (1, 3)
 25   8  31  10  23   2
 32  17  24   1  30  11
  7  26   9  34   3  22
 16  33  18  27  12  29
 19   6  35  14  21   4
 36  15  20   5  28  13

 (1, 4)
 32  19   8  11  36  25
  7  12  33  26   1  10
 20  31  18   9  24  35
 13   6  27  34  17   2
 30  21   4  15  28  23
  5  14  29  22   3  16

 (1, 5)
 25  14  31   2  23  12
 32   3  24  13  30   1
 17  26  15  34  11  22
  4  33  18  27   8  29
 19  16  35   6  21  10
 36   5  20   9  28   7

 (2, 0)
 31   2  13  16  29   4
 14  23  30   3  12  17
  1  32  15  36   5  28
 22  35  24   9  18  11
 25   8  33  20  27   6
 34  21  26   7  10  19

 (2, 1)
  2  29  16  13   4  31
 17  12   3  30  23  14
 28   1  36  15  32   5
 11  18   9  24  35  22
  8  27  20  33   6  25
 19  10   7  26  21  34

 (2, 2)
 13   2  31  22  11   8
 32  21  12   9  30  23
  3  14   1  34   7  10
 20  33  18  29  24  27
 15   4  35  26  17   6
 36  19  16   5  28  25

 (2, 3)
 36  23  14   3  26  33
 13   4  25  34  15   2
 24  35  22   1  32  27
  5  12  31  18   9  16
 30  21  10   7  28  19
 11   6  29  20  17   8

 (2, 4)
 31   4  13  16  29   2
 14  23  30   3  12  17
  5  32  15  36   1  28
 22  35  24   9  18  11
 25   6  33  20  27   8
 34  21  26   7  10  19

 (2, 5)
  4  17  28  11   2  19
 29  12   3  18  27  10
 16   5  30   9  20   1
 13  34  15  24  31  26
  6  23  36  33   8  21
 35  14   7  22  25  32

 (3, 0)
 32  19  16   7  36  25
 15   8  33  26  17   6
 20  31  18   9  24  35
  1  14  27  34   5  10
 30  21  12   3  28  23
 13   2  29  22  11   4

 (3, 1)
 25  32   7  16  19  34
  8  17  26  33   6  15
 31  24   9  18  35  20
 10   1  36  27  14   5
 23  30   3  12  21  28
  2  11  22  29   4  13

 (3, 2)
  8  17  32  19   6  11
 33  26   7  10  31  20
 16   9  18  27  12   5
 25  34   1  30  21  28
  2  15  36  23   4  13
 35  24   3  14  29  22

 (3, 3)
 23   6  25  10  21   8
 36  33  22   7  26  11
  5  24  35  32   9  20
 34  31  16   1  12  27
 17   4  29  14  19   2
 30  15  18   3  28  13

 (3, 4)
 32  19  16   7  36  25
 15   6  33  26  17   8
 20  31  18   9  24  35
  5  14  27  34   1  10
 30  21  12   3  28  23
 13   4  29  22  11   2

 (3, 5)
 25  32   7  16  19  34
  6  17  26  33   8  15
 31  24   9  18  35  20
 10   5  36  27  14   1
 23  30   3  12  21  28
  4  11  22  29   2  13

 (4, 0)
  7  22   9  34   5  24
 10  33   6  23  16  31
 21   8  35  32  25   4
 36  11  26  17  30  15
  1  20  13  28   3  18
 12  27   2  19  14  29

 (4, 1)
 16   7  22  35  14   5
 23  36  15   6  21  28
  8  17  34  27   4  13
 33  24   9  18  29  20
 10   1  26  31  12   3
 25  32  11   2  19  30

 (4, 2)
 35  14   5  22  25  32
  4  23  36  33   6  21
 13  34  15  24  31  26
 16   3  30   9  20   7
 29  12   1  18  27  10
  2  17  28  11   8  19

 (4, 3)
 32  15  20   5  36  13
 19   6  33  14  21   4
 16  31  18  27  12  35
  7  26   9  34   3  22
 30  17  24   1  28  11
 25   8  29  10  23   2

 (4, 4)
  5  14  35  22   7  16
 36  21   6  15  28  23
 13   4  27  34  17   8
 20  33  18   9  24  29
  3  12  31  26   1  10
 32  19   2  11  30  25

 (4, 5)
 22   5  36   9  20   7
 35  30  21   6  27  10
  4  23  28  31   8  19
 29  34  15  24  11  26
 16   3  32  13  18   1
 33  14  17   2  25  12

 (5, 0)
 12  21   6  35  14  23
  7  36  13  22   5  28
 20  11  34  27  24  15
 33   8  25  16  29   4
 10  19   2  31  26  17
  1  32   9  18   3  30

 (5, 1)
 25  32  17   4  19  34
 14   3  26  33  16   5
 31  24  15  18  35  20
  2  13  36  27   6   9
 23  30  11   8  21  28
 12   1  22  29  10   7

 (5, 2)
  4  17  28  11   6  19
 29  12   5  18  27  10
 16   3  30   9  20   7
 13  34  15  24  31  26
  2  23  36  33   8  21
 35  14   1  22  25  32

 (5, 3)
 31   6  13  16  29   4
 14  23  30   5  12  17
  7  32  15  36   3  28
 22  35  24   9  18  11
 25   8  33  20  27   2
 34  21  26   1  10  19

 (5, 4)
 22  35   4  29  16  33
  5  30  23  34   3  14
 36  21  28  15  32  17
  9   6  31  24  13   2
 20  27   8  11  18  25
  7  10  19  26   1  12

 (5, 5)
 25  32  17   4  19  34
 14   5  26  33  16   3
 31  24  15  18  35  20
  6  13  36  27   2   9
 23  30  11   8  21  28
 12   7  22  29  10   1

 Took about 0.01 seconds.
 Success: 36 starting point(s).
 Failure: 0 starting point(s).
